[
  [(-0.041168, 0.559859), (-0.041168, 0.483099)],
  [(0.072836, 0.168310), (0.072836, 0.229577)],
  [(0.229064, 0.168310), (0.229064, 0.229577)],
  [(-0.203730, 0.176761), (-0.203730, 0.223239)],
  [(0.108726, 0.223239), (0.108726, 0.176761)],
  [(0.137579, 0.363380), (0.179099, 0.363380)],
  [(-0.174173, 0.176761), (-0.172062, 0.217606)],
  [(0.138283, 0.176761), (0.140394, 0.217606)],
  [(-0.224138, 0.168310), (-0.256510, 0.174648)],
  [(-0.119986, 0.168310), (-0.152357, 0.174648)],
  [(-0.205841, 0.371831), (-0.200915, 0.332394)],
  [(0.277621, 0.371831), (0.282548, 0.332394)],
  [(-0.017241, 0.371831), (-0.012315, 0.332394)],
  [(0.084799, 0.371831), (0.089726, 0.332394)],
  [(-0.181210, 0.373239), (-0.177692, 0.334507)],
  [(-0.271992, 0.485915), (-0.271992, 0.522535)],
  [(0.008797, 0.485915), (0.010204, 0.522535)],
  [(0.248065, 0.483099), (0.248065, 0.519014)],
  [(0.191766, 0.230986), (0.157284, 0.230986)],
  [(-0.232583, 0.332394), (-0.232583, 0.365493)],
  [(-0.043983, 0.332394), (-0.043983, 0.365493)],
  [(0.038353, 0.354225), (0.005982, 0.354225)],
  [(0.058058, 0.364789), (0.058058, 0.332394)],
  [(-0.149543, 0.373239), (-0.150246, 0.340845)],
  [(-0.243842, 0.491549), (-0.211471, 0.492254)],
  [(0.250880, 0.364789), (0.250880, 0.332394)],
  [(-0.243842, 0.506338), (-0.211471, 0.506338)],
  [(-0.102393, 0.346479), (-0.102393, 0.377465)],
  [(0.179803, 0.332394), (0.179099, 0.363380)],
  [(-0.290992, 0.346479), (-0.290992, 0.377465)],
  [(0.136875, 0.332394), (0.136875, 0.362676)],
  [(0.032020, 0.552113), (0.001759, 0.552113)],
  [(0.170654, 0.169014), (0.176988, 0.197183)],
  [(0.179803, 0.391549), (0.179099, 0.363380)],
  [(-0.046094, 0.230282), (-0.048205, 0.202113)],
  [(-0.098170, 0.230282), (-0.100281, 0.202113)],
  [(0.229768, 0.354930), (0.202322, 0.349296)],
  [(-0.010908, 0.523944), (-0.001759, 0.551408)],
  [(-0.097467, 0.230986), (-0.070725, 0.231690)],
  [(-0.043983, 0.366901), (-0.043983, 0.393662)],
  [(-0.232583, 0.393662), (-0.232583, 0.366901)],
  [(-0.045391, 0.230986), (-0.018649, 0.231690)],
  [(0.136875, 0.364085), (0.136875, 0.390845)],
  [(-0.283955, 0.547887), (-0.264954, 0.541549)],
  [(0.198100, 0.530282), (0.223434, 0.530282)],
  [(0.210767, 0.517606), (0.224138, 0.529577)],
  [(-0.211471, 0.521127), (-0.236101, 0.521831)],
  [(0.224138, 0.530986), (0.211471, 0.542958)],
  [(0.210063, 0.542958), (0.197396, 0.530986)],
  [(0.248768, 0.551408), (0.271288, 0.551408)],
]